        Model 1 FPR Model 2 TPR Model 2 FPR Model 3 TPR  Model 3 FPR Model 4 TPR  Model 4 FPR
TVD+MSS 0.07(0.26)  99.06(3.07) 0.03(0.21)  100(0)       0.04(0.19)  100(0)       0.04(0.21) 
MBD     0.09(0.32)  99.26(2.81) 0.05(0.22)  82.72(14.41) 0.02(0.14)  44.2(18.27)  0.05(0.22) 
ED      0.04(0.2)   98.44(4.38) 0.01(0.12)  87.5(12.38)  0.02(0.16)  85.78(12.77) 0.01(0.12) 
MSS     0(0)        0.02(0.45)  0(0)        97.84(4.85)  0(0)        100(0)       0(0)       
        Model 5 TPR  Model 5 FPR Model 6 TPR Model 6 FPR Model 7 TPR  Model 7 FPR
TVD+MSS 100(0)       0.03(0.19)  99.86(1.46) 0.02(0.14)  99.81(4.29)  0.02(0.18) 
MBD     64.29(17.48) 0.03(0.19)  0.06(0.89)  0.08(0.34)  45.89(24.54) 0.04(0.19) 
ED      62.4(18.83)  0.02(0.16)  0.03(0.53)  0.02(0.16)  35.81(23.43) 0.02(0.13) 
MSS     100(0)       0(0)        99.87(1.48) 0(0)        100(0)       0(0)       
